   1.9952624              13           8   1.1428571428571428       0.25118864      0.15848932      0.10594207899911062       0.21188415799822125     
   1.9952624              13          10 -0.20529801324503305       0.63095737      0.39810717     -4.78036822072717416E-002  0.11627679358367776     
   1.9952624              13          11 -0.22779922779922779        1.0000000      0.63095737     -8.40676272697890581E-002 -5.18584609559003540E-002
   1.9952624              13          12 -0.29648241206030157        1.5848932       1.0000000     -0.17341055462707830      -0.39867957021005695     
   1.9952624              13          13  3.34346504559270841E-002   2.5118864       1.5848932      3.09936913313474637E-002 -0.33669218754736202     
   1.9952624              13          14 -0.35114503816793896        3.9810719       2.5118864     -0.51589723033759438       -1.3684866482225508     
   1.9952624              13          15 -0.69267139479905437        6.3095737       3.9810719      -1.6128865212695256       -4.5942596907616018     
   1.9952624              13          16 -0.62115232833464873        10.000000       6.3095737      -2.2923169196263578       -9.1788935300143173     
   1.9952624              13          17 -0.77723970944309928        15.848933       10.000000      -4.5460231563946811       -18.270939842803678     
   1.9952624              13          18 -0.91902834008097167        25.118862       15.848933      -8.5193273992190957       -35.309594641241873     
   1.9952624              13          19 -0.89293149598493105        39.810719       25.118862      -13.118821300008529       -61.547237241258927     
   1.9952624              13          20 -0.86027556763050650        63.095726       39.810719       0.0000000000000000       -61.547237241258927     
   1.9952624              13          21 -0.88024471731678744        100.00000       63.095726       0.0000000000000000       -61.547237241258927     
   1.9952624              13          22 -0.88797342625459996        158.48933       100.00000       0.0000000000000000       -61.547237241258927     
   3.1622777              14           8   12.750000000000000       0.25118864      0.15848932       1.1819163188338280        2.3638326376676559     
   3.1622777              14          10   4.3551912568306017       0.63095737      0.39810717       1.0141071289614902        4.3920468955906369     
   3.1622777              14          11   5.7189952904238615        1.0000000      0.63095737       2.1105530913246668        8.6131530782399714     
   3.1622777              14          12   4.5804878048780493        1.5848932       1.0000000       2.6790962917048762        13.971345661649725     
   3.1622777              14          13   4.5241682360326427        2.5118864       1.5848932       4.1938728811751353        22.359091423999995     
   3.1622777              14          14   3.5193929173693084        3.9810719       2.5118864       5.1706413623655418        32.700374148731079     
   3.1622777              14          15   2.2000000000000002        6.3095737       3.9810719       5.1227037429809572        42.945781634692992     
   3.1622777              14          16   1.0044543429844097        10.000000       6.3095737       3.7068647743598917        50.359511183412778     
   3.1622777              14          17  0.38387484957882068        15.848933       10.000000       2.2452583599893909        54.850027903391563     
   3.1622777              14          18  7.21908349026993967E-002   25.118862       15.848933      0.66920390910348060        56.188435721598523     
   3.1622777              14          19 -9.12437970225699058E-003   39.810719       25.118862     -0.13405407618117499        55.920327569236171     
   3.1622777              14          20  5.93030900723208187E-002   63.095726       39.810719       0.0000000000000000        55.920327569236171     
   3.1622777              14          21  1.91325411174103621E-003   100.00000       63.095726       0.0000000000000000        55.920327569236171     
   3.1622777              14          22  1.59856051320832471E-002   158.48933       100.00000       0.0000000000000000        55.920327569236171     
   5.0118723              15           8   7.9756097560975618       0.25118864      0.15848932      0.73933359399074472        1.4786671879814894     
   5.0118723              15           9 -0.93855606758832566       0.39810717      0.25118864     -0.13789128268369333        1.2028846226141028     
   5.0118723              15          10   2.3563672260612041       0.63095737      0.39810717      0.54868056567023560        2.3002457539545738     
   5.0118723              15          11   3.7134578235672890        1.0000000      0.63095737       1.3704242600369130        5.0410942740283993     
   5.0118723              15          12   2.4267413931144914        1.5848932       1.0000000       1.4193846035996276        7.8798634812276545     
   5.0118723              15          13   2.5546151811690030        2.5118864       1.5848932       2.3681107269207406        12.616084935069136     
   5.0118723              15          14   2.2534962224722714        3.9810719       2.5118864       3.3108041788523384        19.237693292773812     
   5.0118723              15          15   1.5146790848349871        6.3095737       3.9810719       3.5269328260450723        26.291558944863958     
   5.0118723              15          16  0.89865298268120597        10.000000       6.3095737       3.3164126464692045        32.924384237802364     
   5.0118723              15          17  0.42957022414147650        15.848933       10.000000       2.5125275542651240        37.949439346332611     
   5.0118723              15          18  4.72885481949552045E-002   25.118862       15.848933      0.43836148107367368        38.826162308479958     
   5.0118723              15          19  1.30654586041625276E-002   39.810719       25.118862      0.19195584140707658        39.210073991294109     
   5.0118723              15          20 -4.47581888349046775E-003   63.095726       39.810719       0.0000000000000000        39.210073991294109     
   5.0118723              15          21  1.61094007302928777E-002   100.00000       63.095726       0.0000000000000000        39.210073991294109     
   5.0118723              15          22  2.05058899896779501E-002   158.48933       100.00000       0.0000000000000000        39.210073991294109     
   7.9432821              16           8   4.3560042507970245       0.25118864      0.15848932      0.40379862815110007       0.80759725630220014     
   7.9432821              16          10   1.4754588134869824       0.63095737      0.39810717      0.34356087092604332        1.4947189981542868     
   7.9432821              16          11   2.2583653318705430        1.0000000      0.63095737      0.83343309278482924        3.1615851837239450     
   7.9432821              16          12   1.4046321525885559        1.5848932       1.0000000      0.82155983194668225        4.8047048476173098     
   7.9432821              16          13   1.3569094550437439        2.5118864       1.5848932       1.2578457450796332        7.3203963377765762     
   7.9432821              16          14   1.2444622364558313        3.9810719       2.5118864       1.8283459860259830        10.977088309828542     
   7.9432821              16          15  0.96362411586392716        6.3095737       3.9810719       2.2438003932558432        15.464689096340228     
   7.9432821              16          16  0.62518066484663537        10.000000       6.3095737       2.3071831988354097        20.079055494011048     
   7.9432821              16          17  0.32499154548528919        15.848933       10.000000       1.9008538465786917        23.880763187168430     
   7.9432821              16          18  0.10114113985647522        25.118862       15.848933      0.93757117859020878        25.755905544348849     
   7.9432821              16          19  5.64287554753928333E-002   39.810719       25.118862      0.82904317138797534        27.413991887124801     
   7.9432821              16          20  1.02081851084223629E-003   63.095726       39.810719       0.0000000000000000        27.413991887124801     
   7.9432821              16          21  3.10439454027011674E-002   100.00000       63.095726       0.0000000000000000        27.413991887124801     
   7.9432821              16          22  8.55351613989308035E-003   158.48933       100.00000       0.0000000000000000        27.413991887124801     
   12.589254              17           8   2.6721898790864311       0.25118864      0.15848932      0.24771018236194875       0.49542036472389750     
   12.589254              17          10  0.58753171438927154       0.63095737      0.39810717      0.13680687366339037       0.76903411205067829     
   12.589254              17          11  0.83541377716134990        1.0000000      0.63095737      0.30830330160884351        1.3856407152683654     
   12.589254              17          12  0.67031045037166592        1.5848932       1.0000000      0.39206004215735873        2.1697607995830830     
   12.589254              17          13  0.73367861523783562        2.5118864       1.5848932      0.68011503715483945        3.5299908738927619     
   12.589254              17          14  0.56778926694009590        3.9810719       2.5118864      0.83418780956749805        5.1983664930277582     
   12.589254              17          15  0.59273973102015520        6.3095737       3.9810719       1.3801954721411249        7.9587574373100081     
   12.589254              17          16  0.43613592411824276        10.000000       6.3095737       1.6095275063905079        11.177812450091023     
   12.589254              17          17  0.22100193381252975        15.848933       10.000000       1.2926255523403829        13.763063554771790     
   12.589254              17          18  8.21593317541453594E-002   25.118862       15.848933      0.76161116647714389        15.286285887726077     
   12.589254              17          19  3.84329809426158242E-002   39.810719       25.118862      0.56465183642857975        16.415589560583236     
   12.589254              17          20  5.20253407563830983E-002   63.095726       39.810719       0.0000000000000000        16.415589560583236     
   12.589254              17          21  6.38624429614886857E-003   100.00000       63.095726       0.0000000000000000        16.415589560583236     
   12.589254              17          22  2.76973995724145716E-002   158.48933       100.00000       0.0000000000000000        16.415589560583236     
   19.952621              18           8   2.4654537578514191       0.25118864      0.15848932      0.22854588468508055       0.45709176937016111     
   19.952621              18          10  0.17044369193366338       0.63095737      0.39810717      3.96878467289702164E-002  0.53646746282810154     
   19.952621              18          11  0.48043170173334793        1.0000000      0.63095737      0.17729978112790809       0.89106702508391766     
   19.952621              18          12  0.30278587405951329        1.5848932       1.0000000      0.17709740685469608        1.2452618387933099     
   19.952621              18          13  0.28910602554212739        2.5118864       1.5848932      0.26799929999258892        1.7812604387784878     
   19.952621              18          14  0.26202888293021531        3.9810719       2.5118864      0.38496905915982366        2.5511985570981350     
   19.952621              18          15  0.28916956652489589        6.3095737       3.9810719      0.67333182763330235        3.8978622123647400     
   19.952621              18          16  0.24513112068310772        10.000000       6.3095737      0.90463834688569722        5.7071389061361346     
   19.952621              18          17  0.18057646511373271        15.848933       10.000000       1.0561796855375705        7.8194982772112755     
   19.952621              18          18  7.57302788228400026E-002   25.118862       15.848933      0.70201430270265575        9.2235268826165875     
   19.952621              18          19  2.14015491201213770E-002   39.810719       25.118862      0.31442848607388041        9.8523838547643479     
   19.952621              18          20  5.27718598105089143E-002   63.095726       39.810719       0.0000000000000000        9.8523838547643479     
   19.952621              18          21  2.26349552335192161E-002   100.00000       63.095726       0.0000000000000000        9.8523838547643479     
   19.952621              18          22  2.08353064162187795E-002   158.48933       100.00000       0.0000000000000000        9.8523838547643479     
   31.622776              19           8   1.5383778556750873       0.25118864      0.15848932      0.14260657977686095       0.28521315955372190     
   31.622776              19          10  6.65132115283173508E-002  0.63095737      0.39810717      1.54876142064256043E-002  0.31618838796657311     
   31.622776              19          11  0.25992812490562622        1.0000000      0.63095737      9.59245601164212258E-002  0.50803750819941551     
   31.622776              19          12  0.11296733682815829        1.5848932       1.0000000      6.60738301404892175E-002  0.64018516848039397     
   31.622776              19          13  6.30205575080640124E-002   2.5118864       1.5848932      5.84196239619460406E-002  0.75702441640428608     
   31.622776              19          14  3.19822914281353565E-002   3.9810719       2.5118864      4.69879217251924081E-002  0.85100025985467087     
   31.622776              19          15  6.00418841142276172E-002   6.3095737       3.9810719      0.13980762931253757        1.1306155184797460     
   31.622776              19          16  8.75506778253836160E-002   10.000000       6.3095737      0.32309932837562877        1.7768141752310034     
   31.622776              19          17  4.54294042330856129E-002   15.848933       10.000000      0.26571355157959936        2.3082412783902022     
   31.622776              19          18  5.43097343525866805E-002   25.118862       15.848933      0.50344737777459325        3.3151360339393889     
   31.622776              19          19  3.59858178180283428E-002   39.810719       25.118862      0.52869846725324110        4.3725329684458707     
   31.622776              19          20  4.09736440480457098E-003   63.095726       39.810719       0.0000000000000000        4.3725329684458707     
   31.622776              19          21 -4.77105839188163294E-003   100.00000       63.095726       0.0000000000000000        4.3725329684458707     
   31.622776              19          22  3.98632859136771600E-004   158.48933       100.00000       0.0000000000000000        4.3725329684458707     
   50.118729              20           8   1.5004529806124296       0.25118864      0.15848932      0.13909096968068141       0.27818193936136282     
   50.118729              20           9 -0.99771415509457684       0.39810717      0.25118864     -0.14658270224727041      -1.49834651331779978E-002
   50.118729              20          10  5.77472841623785094E-002  0.63095737      0.39810717      1.34464663188753313E-002  1.19094675045726649E-002
   50.118729              20          11  0.23040787750124214        1.0000000      0.63095737      8.50303302295184610E-002  0.18197012796360959     
   50.118729              20          12  1.49850149850150327E-002   1.5848932       1.0000000      8.76463376558746753E-003  0.19949939549478451     
   50.118729              20          13  1.07095648733466220E-002   2.5118864       1.5848932      9.92769308041933571E-003  0.21935478165562319     
   50.118729              20          14 -7.54041135738814372E-003   3.9810719       2.5118864     -1.10782637145572065E-002  0.19719825422650877     
   50.118729              20          15 -3.39880916063417526E-003   6.3095737       3.9810719     -7.91413291311757021E-003  0.18136998840027363     
   50.118729              20          16 -6.92788394097498816E-003   10.000000       6.3095737     -2.55668454430211592E-002  0.13023629751423133     
   50.118729              20          17  2.36323055492324574E-002   15.848933       10.000000      0.13822377698996130       0.40668385149415393     
   50.118729              20          18  5.09745930906941869E-002   25.118862       15.848933      0.47253085529803551        1.3517455620902250     
   50.118729              20          19  1.34992159033924253E-002   39.810719       25.118862      0.19832854135299424        1.7484026447962135     
   50.118729              20          20 -1.45818588736641441E-002   63.095726       39.810719       0.0000000000000000        1.7484026447962135     
   50.118729              20          21 -6.60540755276040059E-003   100.00000       63.095726       0.0000000000000000        1.7484026447962135     
   50.118729              20          22 -3.30370661406113042E-002   158.48933       100.00000       0.0000000000000000        1.7484026447962135     
   79.432816              21           8   1.4400115640358484       0.25118864      0.15848932      0.13348809151712887       0.26697618303425774     
   79.432816              21           9 -0.99819771109308819       0.39810717      0.25118864     -0.14665374558627459      -2.63313081382914316E-002
   79.432816              21          10 -2.80544016388777351E-002  0.63095737      0.39810717     -6.53247286353133335E-003 -3.93962538653541000E-002
   79.432816              21          11  0.22872053266150805        1.0000000      0.63095737      8.44076280437700971E-002  0.12941900222218611     
   79.432816              21          12  3.89079892432855345E-002   1.5848932       1.0000000      2.27570193699390758E-002  0.17493304096206425     
   79.432816              21          13  2.05330089890389811E-002   2.5118864       1.5848932      1.90339583046916852E-002  0.21300095757144760     
   79.432816              21          14  4.14322158093760606E-003   3.9810719       2.5118864      6.08716144597318352E-003  0.22517528046339397     
   79.432816              21          15 -1.60613349540187356E-002   6.3095737       3.9810719     -3.73988457664648430E-002  0.15037758893046427     
   79.432816              21          16  3.14429670038252063E-003   10.000000       6.3095737      1.16037953941774252E-002  0.17358517971881912     
   79.432816              21          17  2.47076198459266205E-002   15.848933       10.000000      0.14451321850173959       0.46261161672229834     
   79.432816              21          18  2.02436059406698732E-002   25.118862       15.848933      0.18765678840126784       0.83792519352483397     
   79.432816              21          19 -1.09904205243105402E-003   39.810719       25.118862     -1.61469679945984573E-002  0.80563125753563702     
   79.432816              21          20 -7.19953842680465250E-003   63.095726       39.810719       0.0000000000000000       0.80563125753563702     
   79.432816              21          21 -2.57293216132048475E-002   100.00000       63.095726       0.0000000000000000       0.80563125753563702     
   79.432816              21          22 -3.21612120823577818E-003   158.48933       100.00000       0.0000000000000000       0.80563125753563702     
   125.89252              22           8   1.5316455696202533       0.25118864      0.15848932      0.14198250144342833       0.28396500288685667     
   125.89252              22           9 -0.99705166949215007       0.39810717      0.25118864     -0.14648537083294921      -9.00573877904176090E-003
   125.89252              22          10  7.53780607706366901E-003  0.63095737      0.39810717      1.75517960720796787E-003 -5.49537956462582515E-003
   125.89252              22          11  0.17901344229288796        1.0000000      0.63095737      6.60635924377414030E-002  0.12663180531085699     
   125.89252              22          12  4.22472411102441381E-002   1.5848932       1.0000000      2.47101251689131572E-002  0.17605205564868331     
   125.89252              22          13 -8.85415743743311889E-003   2.5118864       1.5848932     -8.20774313093823767E-003  0.15963656938680684     
   125.89252              22          14  4.43307250602487102E-003   3.9810719       2.5118864      6.51300624857521684E-003  0.17266258188395728     
   125.89252              22          15  3.46236387457912187E-002   6.3095737       3.9810719      8.06212017266750708E-002  0.33390498533730739     
   125.89252              22          16  3.58804408290702703E-002   10.000000       6.3095737      0.13241412427229596       0.59873323388189936     
   125.89252              22          17  2.75670032626214034E-002   15.848933       10.000000      0.16123756115610452       0.92120835619410846     
   125.89252              22          18  2.31164814572426547E-002   25.118862       15.848933      0.21428814027092599        1.3497846367359605     
   125.89252              22          19  2.21422277076563923E-002   39.810719       25.118862      0.32531042950885425        2.0004054957536690     
   125.89252              22          20  3.78904533342216965E-002   63.095726       39.810719       0.0000000000000000        2.0004054957536690     
   125.89252              22          21  1.78916317505883882E-002   100.00000       63.095726       0.0000000000000000        2.0004054957536690     
   125.89252              22          22 -2.36360150982461992E-003   158.48933       100.00000       0.0000000000000000        2.0004054957536690     
