  7.94328228E-02  7.94328228E-02           6           6   0.0000000000000000        0.0000000000000000        0.0000000000000000        0.0000000000000000        2.0000000000000000        0.0000000000000000        0.0000000000000000     
  7.94328228E-02  0.12589255               6           7   0.0000000000000000        0.0000000000000000        0.0000000000000000        0.0000000000000000        6.0000000000000000        0.0000000000000000        0.0000000000000000     
  7.94328228E-02  0.19952624               6           8   0.0000000000000000        0.0000000000000000        0.0000000000000000        0.0000000000000000        4.0000000000000000        0.0000000000000000        0.0000000000000000     
  7.94328228E-02  0.31622776               6           9   0.0000000000000000        0.0000000000000000        0.0000000000000000        0.0000000000000000        0.0000000000000000        0.0000000000000000        0.0000000000000000     
  7.94328228E-02  0.50118721               6          10   0.0000000000000000        0.0000000000000000        0.0000000000000000        0.0000000000000000        4.0000000000000000        0.0000000000000000        0.0000000000000000     
  7.94328228E-02  0.79432821               6          11   0.0000000000000000        0.0000000000000000        0.0000000000000000        1.0000000000000000        4.0000000000000000        0.0000000000000000        0.0000000000000000     
  7.94328228E-02   1.2589254               6          12   0.0000000000000000        0.0000000000000000        0.0000000000000000        1.0000000000000000        20.000000000000000        0.0000000000000000        0.0000000000000000     
  7.94328228E-02   1.9952624               6          13   0.0000000000000000        0.0000000000000000        0.0000000000000000        0.0000000000000000        18.000000000000000        0.0000000000000000        0.0000000000000000     
  7.94328228E-02   3.1622777               6          14   0.0000000000000000        0.0000000000000000        0.0000000000000000        1.0000000000000000        42.000000000000000        0.0000000000000000        0.0000000000000000     
  7.94328228E-02   5.0118723               6          15   0.0000000000000000        0.0000000000000000        0.0000000000000000        3.0000000000000000        36.000000000000000        0.0000000000000000        0.0000000000000000     
  7.94328228E-02   7.9432821               6          16   0.0000000000000000        0.0000000000000000        0.0000000000000000        4.0000000000000000        78.000000000000000        0.0000000000000000        0.0000000000000000     
  7.94328228E-02   12.589254               6          17   0.0000000000000000        0.0000000000000000        0.0000000000000000        8.0000000000000000        132.00000000000000        0.0000000000000000        0.0000000000000000     
  7.94328228E-02   19.952621               6          18   0.0000000000000000        0.0000000000000000        0.0000000000000000        14.000000000000000        244.00000000000000        0.0000000000000000        0.0000000000000000     
  7.94328228E-02   31.622776               6          19   0.0000000000000000        0.0000000000000000        0.0000000000000000        18.000000000000000        340.00000000000000        0.0000000000000000        0.0000000000000000     
  7.94328228E-02   50.118729               6          20   0.0000000000000000        0.0000000000000000        0.0000000000000000        24.000000000000000        542.00000000000000        0.0000000000000000        0.0000000000000000     
  7.94328228E-02   79.432816               6          21   0.0000000000000000        0.0000000000000000        0.0000000000000000        44.000000000000000        754.00000000000000        0.0000000000000000        0.0000000000000000     
  7.94328228E-02   125.89252               6          22   0.0000000000000000        0.0000000000000000        0.0000000000000000        45.000000000000000        966.00000000000000        0.0000000000000000        0.0000000000000000     
  0.12589255      7.94328228E-02           7           6   0.0000000000000000        0.0000000000000000        0.0000000000000000        1.0000000000000000        4.0000000000000000        0.0000000000000000        0.0000000000000000     
  0.12589255      0.12589255               7           7   0.0000000000000000        0.0000000000000000        0.0000000000000000        0.0000000000000000        2.0000000000000000        0.0000000000000000        0.0000000000000000     
  0.12589255      0.19952624               7           8   0.0000000000000000        0.0000000000000000        0.0000000000000000        0.0000000000000000        2.0000000000000000        0.0000000000000000        0.0000000000000000     
  0.12589255      0.31622776               7           9   0.0000000000000000        0.0000000000000000        0.0000000000000000        1.0000000000000000        14.000000000000000        0.0000000000000000        0.0000000000000000     
  0.12589255      0.50118721               7          10   0.0000000000000000        0.0000000000000000        0.0000000000000000        1.0000000000000000        10.000000000000000        0.0000000000000000        0.0000000000000000     
  0.12589255      0.79432821               7          11   0.0000000000000000        0.0000000000000000        0.0000000000000000        1.0000000000000000        38.000000000000000        0.0000000000000000        0.0000000000000000     
  0.12589255       1.2589254               7          12   0.0000000000000000        0.0000000000000000        0.0000000000000000        5.0000000000000000        40.000000000000000        0.0000000000000000        0.0000000000000000     
  0.12589255       1.9952624               7          13   0.0000000000000000        0.0000000000000000        0.0000000000000000        4.0000000000000000        60.000000000000000        0.0000000000000000        0.0000000000000000     
  0.12589255       3.1622777               7          14   0.0000000000000000        0.0000000000000000        0.0000000000000000        4.0000000000000000        90.000000000000000        0.0000000000000000        0.0000000000000000     
  0.12589255       5.0118723               7          15   0.0000000000000000        0.0000000000000000        0.0000000000000000        7.0000000000000000        150.00000000000000        0.0000000000000000        0.0000000000000000     
  0.12589255       7.9432821               7          16   0.0000000000000000        0.0000000000000000        0.0000000000000000        8.0000000000000000        186.00000000000000        0.0000000000000000        0.0000000000000000     
  0.12589255       12.589254               7          17   0.0000000000000000        0.0000000000000000        0.0000000000000000        17.000000000000000        320.00000000000000        0.0000000000000000        0.0000000000000000     
  0.12589255       19.952621               7          18   0.0000000000000000        0.0000000000000000        0.0000000000000000        29.000000000000000        558.00000000000000        0.0000000000000000        0.0000000000000000     
  0.12589255       31.622776               7          19   0.0000000000000000        0.0000000000000000        0.0000000000000000        40.000000000000000        824.00000000000000        0.0000000000000000        0.0000000000000000     
  0.12589255       50.118729               7          20   0.0000000000000000        0.0000000000000000        0.0000000000000000        68.000000000000000        1318.0000000000000        0.0000000000000000        0.0000000000000000     
  0.12589255       79.432816               7          21   0.0000000000000000        0.0000000000000000        0.0000000000000000        97.000000000000000        1986.0000000000000        0.0000000000000000        0.0000000000000000     
  0.12589255       125.89252               7          22   0.0000000000000000        0.0000000000000000        0.0000000000000000        126.00000000000000        2552.0000000000000        0.0000000000000000        0.0000000000000000     
  0.19952624      7.94328228E-02           8           6   0.0000000000000000        0.0000000000000000        0.0000000000000000        0.0000000000000000        4.0000000000000000        0.0000000000000000        0.0000000000000000     
  0.19952624      0.12589255               8           7   0.0000000000000000        0.0000000000000000        0.0000000000000000        1.0000000000000000        4.0000000000000000        0.0000000000000000        0.0000000000000000     
  0.19952624      0.19952624               8           8   0.0000000000000000        0.0000000000000000        0.0000000000000000        0.0000000000000000        4.0000000000000000        0.0000000000000000        0.0000000000000000     
  0.19952624      0.31622776               8           9   0.0000000000000000        0.0000000000000000        0.0000000000000000        0.0000000000000000        30.000000000000000        0.0000000000000000        0.0000000000000000     
  0.19952624      0.50118721               8          10   0.0000000000000000        0.0000000000000000        0.0000000000000000        1.0000000000000000        52.000000000000000        0.0000000000000000        0.0000000000000000     
  0.19952624      0.79432821               8          11   0.0000000000000000        0.0000000000000000        0.0000000000000000        3.0000000000000000        48.000000000000000        0.0000000000000000        0.0000000000000000     
  0.19952624       1.2589254               8          12   0.0000000000000000        0.0000000000000000        0.0000000000000000        2.0000000000000000        76.000000000000000        0.0000000000000000        0.0000000000000000     
  0.19952624       1.9952624               8          13   0.0000000000000000        0.0000000000000000        0.0000000000000000        5.0000000000000000        118.00000000000000        0.0000000000000000        0.0000000000000000     
  0.19952624       3.1622777               8          14   0.0000000000000000        0.0000000000000000        0.0000000000000000        16.000000000000000        216.00000000000000        0.0000000000000000        0.0000000000000000     
  0.19952624       5.0118723               8          15   0.0000000000000000        0.0000000000000000        0.0000000000000000        16.000000000000000        304.00000000000000        0.0000000000000000        0.0000000000000000     
  0.19952624       7.9432821               8          16   0.0000000000000000        0.0000000000000000        0.0000000000000000        30.000000000000000        584.00000000000000        0.0000000000000000        0.0000000000000000     
  0.19952624       12.589254               8          17   0.0000000000000000        0.0000000000000000        0.0000000000000000        41.000000000000000        834.00000000000000        0.0000000000000000        0.0000000000000000     
  0.19952624       19.952621               8          18   0.0000000000000000        0.0000000000000000        0.0000000000000000        62.000000000000000        1362.0000000000000        0.0000000000000000        0.0000000000000000     
  0.19952624       31.622776               8          19   0.0000000000000000        0.0000000000000000        0.0000000000000000        100.00000000000000        2174.0000000000000        0.0000000000000000        0.0000000000000000     
  0.19952624       50.118729               8          20   0.0000000000000000        0.0000000000000000        0.0000000000000000        175.00000000000000        3252.0000000000000        0.0000000000000000        0.0000000000000000     
  0.19952624       79.432816               8          21   0.0000000000000000        0.0000000000000000        0.0000000000000000        219.00000000000000        4710.0000000000000        0.0000000000000000        0.0000000000000000     
  0.19952624       125.89252               8          22   0.0000000000000000        0.0000000000000000        0.0000000000000000        306.00000000000000        6486.0000000000000        0.0000000000000000        0.0000000000000000     
  0.31622776      7.94328228E-02           9           6   0.0000000000000000        0.0000000000000000        0.0000000000000000        0.0000000000000000        24.000000000000000        0.0000000000000000        0.0000000000000000     
  0.31622776      0.12589255               9           7   0.0000000000000000        0.0000000000000000        0.0000000000000000        0.0000000000000000        22.000000000000000        0.0000000000000000        0.0000000000000000     
  0.31622776      0.19952624               9           8   0.0000000000000000        0.0000000000000000        0.0000000000000000        1.0000000000000000        28.000000000000000        0.0000000000000000        0.0000000000000000     
  0.31622776      0.31622776               9           9   0.0000000000000000        0.0000000000000000        0.0000000000000000        0.0000000000000000        56.000000000000000        0.0000000000000000        0.0000000000000000     
  0.31622776      0.50118721               9          10   0.0000000000000000        0.0000000000000000        0.0000000000000000        1.0000000000000000        80.000000000000000        0.0000000000000000        0.0000000000000000     
  0.31622776      0.79432821               9          11   0.0000000000000000        0.0000000000000000        0.0000000000000000        6.0000000000000000        164.00000000000000        0.0000000000000000        0.0000000000000000     
  0.31622776       1.2589254               9          12   0.0000000000000000        0.0000000000000000        0.0000000000000000        6.0000000000000000        248.00000000000000        0.0000000000000000        0.0000000000000000     
  0.31622776       1.9952624               9          13   0.0000000000000000        0.0000000000000000        0.0000000000000000        20.000000000000000        312.00000000000000        0.0000000000000000        0.0000000000000000     
  0.31622776       3.1622777               9          14   0.0000000000000000        0.0000000000000000        0.0000000000000000        23.000000000000000        506.00000000000000        0.0000000000000000        0.0000000000000000     
  0.31622776       5.0118723               9          15   0.0000000000000000        0.0000000000000000        0.0000000000000000        42.000000000000000        886.00000000000000        0.0000000000000000        0.0000000000000000     
  0.31622776       7.9432821               9          16   0.0000000000000000        0.0000000000000000        0.0000000000000000        51.000000000000000        1328.0000000000000        0.0000000000000000        0.0000000000000000     
  0.31622776       12.589254               9          17   0.0000000000000000        0.0000000000000000        0.0000000000000000        91.000000000000000        2126.0000000000000        0.0000000000000000        0.0000000000000000     
  0.31622776       19.952621               9          18   0.0000000000000000        0.0000000000000000        0.0000000000000000        180.00000000000000        3372.0000000000000        0.0000000000000000        0.0000000000000000     
  0.31622776       31.622776               9          19   0.0000000000000000        0.0000000000000000        0.0000000000000000        241.00000000000000        5202.0000000000000        0.0000000000000000        0.0000000000000000     
  0.31622776       50.118729               9          20   0.0000000000000000        0.0000000000000000        0.0000000000000000        408.00000000000000        8046.0000000000000        0.0000000000000000        0.0000000000000000     
  0.31622776       79.432816               9          21   0.0000000000000000        0.0000000000000000        0.0000000000000000        607.00000000000000        12120.000000000000        0.0000000000000000        0.0000000000000000     
  0.31622776       125.89252               9          22   0.0000000000000000        0.0000000000000000        0.0000000000000000        743.00000000000000        16162.000000000000        0.0000000000000000        0.0000000000000000     
  0.50118721      7.94328228E-02          10           6   0.0000000000000000        0.0000000000000000        0.0000000000000000        3.0000000000000000        34.000000000000000        0.0000000000000000        0.0000000000000000     
  0.50118721      0.12589255              10           7   0.0000000000000000        0.0000000000000000        0.0000000000000000        4.0000000000000000        50.000000000000000        0.0000000000000000        0.0000000000000000     
  0.50118721      0.19952624              10           8   0.0000000000000000        0.0000000000000000        0.0000000000000000        7.0000000000000000        80.000000000000000        0.0000000000000000        0.0000000000000000     
  0.50118721      0.31622776              10           9   0.0000000000000000        0.0000000000000000        0.0000000000000000        6.0000000000000000        116.00000000000000        0.0000000000000000        0.0000000000000000     
  0.50118721      0.50118721              10          10   0.0000000000000000        0.0000000000000000        0.0000000000000000        11.000000000000000        198.00000000000000        0.0000000000000000        0.0000000000000000     
  0.50118721      0.79432821              10          11   0.0000000000000000        0.0000000000000000        0.0000000000000000        21.000000000000000        318.00000000000000        0.0000000000000000        0.0000000000000000     
  0.50118721       1.2589254              10          12   0.0000000000000000        0.0000000000000000        0.0000000000000000        25.000000000000000        500.00000000000000        0.0000000000000000        0.0000000000000000     
  0.50118721       1.9952624              10          13   0.0000000000000000        0.0000000000000000        0.0000000000000000        45.000000000000000        868.00000000000000        0.0000000000000000        0.0000000000000000     
  0.50118721       3.1622777              10          14   0.0000000000000000        0.0000000000000000        0.0000000000000000        68.000000000000000        1350.0000000000000        0.0000000000000000        0.0000000000000000     
  0.50118721       5.0118723              10          15   0.0000000000000000        0.0000000000000000        0.0000000000000000        110.00000000000000        2000.0000000000000        0.0000000000000000        0.0000000000000000     
  0.50118721       7.9432821              10          16   0.0000000000000000        0.0000000000000000        0.0000000000000000        181.00000000000000        3426.0000000000000        0.0000000000000000        0.0000000000000000     
  0.50118721       12.589254              10          17   0.0000000000000000        0.0000000000000000        0.0000000000000000        276.00000000000000        5264.0000000000000        0.0000000000000000        0.0000000000000000     
  0.50118721       19.952621              10          18   0.0000000000000000        0.0000000000000000        0.0000000000000000        418.00000000000000        8386.0000000000000        0.0000000000000000        0.0000000000000000     
  0.50118721       31.622776              10          19   0.0000000000000000        0.0000000000000000        0.0000000000000000        628.00000000000000        13226.000000000000        0.0000000000000000        0.0000000000000000     
  0.50118721       50.118729              10          20   0.0000000000000000        0.0000000000000000        0.0000000000000000        1056.0000000000000        20148.000000000000        0.0000000000000000        0.0000000000000000     
  0.50118721       79.432816              10          21   0.0000000000000000        0.0000000000000000        0.0000000000000000        1448.0000000000000        30152.000000000000        0.0000000000000000        0.0000000000000000     
  0.50118721       125.89252              10          22   0.0000000000000000        0.0000000000000000        0.0000000000000000        2054.0000000000000        40724.000000000000        0.0000000000000000        0.0000000000000000     
  0.79432821      7.94328228E-02          11           6   0.0000000000000000        0.0000000000000000        0.0000000000000000        6.0000000000000000        86.000000000000000        0.0000000000000000        0.0000000000000000     
  0.79432821      0.12589255              11           7   0.0000000000000000        0.0000000000000000        0.0000000000000000        3.0000000000000000        124.00000000000000        0.0000000000000000        0.0000000000000000     
  0.79432821      0.19952624              11           8   0.0000000000000000        0.0000000000000000        0.0000000000000000        13.000000000000000        196.00000000000000        0.0000000000000000        0.0000000000000000     
  0.79432821      0.31622776              11           9   0.0000000000000000        0.0000000000000000        0.0000000000000000        7.0000000000000000        266.00000000000000        0.0000000000000000        0.0000000000000000     
  0.79432821      0.50118721              11          10   0.0000000000000000        0.0000000000000000        0.0000000000000000        26.000000000000000        520.00000000000000        0.0000000000000000        0.0000000000000000     
  0.79432821      0.79432821              11          11   0.0000000000000000        0.0000000000000000        0.0000000000000000        37.000000000000000        846.00000000000000        0.0000000000000000        0.0000000000000000     
  0.79432821       1.2589254              11          12   0.0000000000000000        0.0000000000000000        0.0000000000000000        68.000000000000000        1324.0000000000000        0.0000000000000000        0.0000000000000000     
  0.79432821       1.9952624              11          13   0.0000000000000000        0.0000000000000000        0.0000000000000000        103.00000000000000        2118.0000000000000        0.0000000000000000        0.0000000000000000     
  0.79432821       3.1622777              11          14   0.0000000000000000        0.0000000000000000        0.0000000000000000        147.00000000000000        3266.0000000000000        0.0000000000000000        0.0000000000000000     
  0.79432821       5.0118723              11          15   0.0000000000000000        0.0000000000000000        0.0000000000000000        274.00000000000000        5186.0000000000000        0.0000000000000000        0.0000000000000000     
  0.79432821       7.9432821              11          16   0.0000000000000000        0.0000000000000000        0.0000000000000000        403.00000000000000        8362.0000000000000        0.0000000000000000        0.0000000000000000     
  0.79432821       12.589254              11          17   0.0000000000000000        0.0000000000000000        0.0000000000000000        629.00000000000000        12956.000000000000        0.0000000000000000        0.0000000000000000     
  0.79432821       19.952621              11          18   0.0000000000000000        0.0000000000000000        0.0000000000000000        996.00000000000000        20222.000000000000        0.0000000000000000        0.0000000000000000     
  0.79432821       31.622776              11          19   0.0000000000000000        0.0000000000000000        0.0000000000000000        1589.0000000000000        32724.000000000000        0.0000000000000000        0.0000000000000000     
  0.79432821       50.118729              11          20   0.0000000000000000        0.0000000000000000        0.0000000000000000        2516.0000000000000        50606.000000000000        0.0000000000000000        0.0000000000000000     
  0.79432821       79.432816              11          21   0.0000000000000000        0.0000000000000000        0.0000000000000000        3708.0000000000000        74594.000000000000        0.0000000000000000        0.0000000000000000     
  0.79432821       125.89252              11          22   0.0000000000000000        0.0000000000000000        0.0000000000000000        5049.0000000000000        100334.00000000000        0.0000000000000000        0.0000000000000000     
   1.2589254      7.94328228E-02          12           6   0.0000000000000000        0.0000000000000000        0.0000000000000000        11.000000000000000        190.00000000000000        0.0000000000000000        0.0000000000000000     
   1.2589254      0.12589255              12           7   0.0000000000000000        0.0000000000000000        0.0000000000000000        15.000000000000000        318.00000000000000        0.0000000000000000        0.0000000000000000     
   1.2589254      0.19952624              12           8   0.0000000000000000        0.0000000000000000        0.0000000000000000        25.000000000000000        526.00000000000000        0.0000000000000000        0.0000000000000000     
   1.2589254      0.31622776              12           9   0.0000000000000000        0.0000000000000000        0.0000000000000000        38.000000000000000        816.00000000000000        0.0000000000000000        0.0000000000000000     
   1.2589254      0.50118721              12          10   0.0000000000000000        0.0000000000000000        0.0000000000000000        65.000000000000000        1252.0000000000000        0.0000000000000000        0.0000000000000000     
   1.2589254      0.79432821              12          11   0.0000000000000000        0.0000000000000000        0.0000000000000000        115.00000000000000        2116.0000000000000        0.0000000000000000        0.0000000000000000     
   1.2589254       1.2589254              12          12   0.0000000000000000        0.0000000000000000        0.0000000000000000        192.00000000000000        3392.0000000000000        0.0000000000000000        0.0000000000000000     
   1.2589254       1.9952624              12          13   0.0000000000000000        0.0000000000000000        0.0000000000000000        254.00000000000000        5090.0000000000000        0.0000000000000000        0.0000000000000000     
   1.2589254       3.1622777              12          14   0.0000000000000000        0.0000000000000000        0.0000000000000000        426.00000000000000        8326.0000000000000        0.0000000000000000        0.0000000000000000     
   1.2589254       5.0118723              12          15   0.0000000000000000        0.0000000000000000        0.0000000000000000        601.00000000000000        13108.000000000000        0.0000000000000000        0.0000000000000000     
   1.2589254       7.9432821              12          16   0.0000000000000000        0.0000000000000000        0.0000000000000000        1086.0000000000000        20770.000000000000        0.0000000000000000        0.0000000000000000     
   1.2589254       12.589254              12          17   0.0000000000000000        0.0000000000000000        0.0000000000000000        1630.0000000000000        32952.000000000000        0.0000000000000000        0.0000000000000000     
   1.2589254       19.952621              12          18   0.0000000000000000        0.0000000000000000        0.0000000000000000        2635.0000000000000        51484.000000000000        0.0000000000000000        0.0000000000000000     
   1.2589254       31.622776              12          19   0.0000000000000000        0.0000000000000000        0.0000000000000000        4002.0000000000000        80998.000000000000        0.0000000000000000        0.0000000000000000     
   1.2589254       50.118729              12          20   0.0000000000000000        0.0000000000000000        0.0000000000000000        6536.0000000000000        124000.00000000000        0.0000000000000000        0.0000000000000000     
   1.2589254       79.432816              12          21   0.0000000000000000        0.0000000000000000        0.0000000000000000        9143.0000000000000        184122.00000000000        0.0000000000000000        0.0000000000000000     
   1.2589254       125.89252              12          22   0.0000000000000000        0.0000000000000000        0.0000000000000000        12324.000000000000        248952.00000000000        0.0000000000000000        0.0000000000000000     
   1.9952624      7.94328228E-02          13           6   0.0000000000000000        0.0000000000000000        0.0000000000000000        33.000000000000000        528.00000000000000        0.0000000000000000        0.0000000000000000     
   1.9952624      0.12589255              13           7   0.0000000000000000        0.0000000000000000        0.0000000000000000        47.000000000000000        740.00000000000000        0.0000000000000000        0.0000000000000000     
   1.9952624      0.19952624              13           8   1.1428571428571428        1.4050820326706708        6.0000000000000000        56.000000000000000        1272.0000000000000        1.4336734693877551        1.1257861635220128     
   1.9952624      0.31622776              13           9   0.0000000000000000        0.0000000000000000        0.0000000000000000        99.000000000000000        1978.0000000000000        0.0000000000000000        0.0000000000000000     
   1.9952624      0.50118721              13          10 -0.20529801324503305       0.49680331044693021        6.0000000000000000        151.00000000000000        3270.0000000000000      -0.13951142493750279      -0.11314984709480114     
   1.9952624      0.79432821              13          11 -0.22779922779922779       0.33773856603252589        10.000000000000000        259.00000000000000        5066.0000000000000      -0.24479360772797065      -0.25542834583497820     
   1.9952624       1.2589254              13          12 -0.29648241206030157       0.26263095385962237        14.000000000000000        398.00000000000000        7862.0000000000000      -0.30514380949976005      -0.31264309336046803     
   1.9952624       1.9952624              13          13  3.34346504559270841E-002  0.23975043474873250        34.000000000000000        658.00000000000000        12588.000000000000      -1.14836337432211444E-002 -1.04861773117255197E-002
   1.9952624       3.1622777              13          14 -0.35114503816793896       0.15280549955671768        34.000000000000000        1048.0000000000000        20352.000000000000      -0.36996678515238035      -0.39150943396226423     
   1.9952624       5.0118723              13          15 -0.69267139479905437       8.06533260681310260E-002   26.000000000000000        1692.0000000000000        32020.000000000000      -0.70920029732463719      -0.78888194878201112     
   1.9952624       7.9432821              13          16 -0.62115232833464873       7.74814940855162032E-002   48.000000000000000        2534.0000000000000        50778.000000000000      -0.62041974996402516      -0.61802355350742455     
   1.9952624       12.589254              13          17 -0.77723970944309928       4.52813275077221938E-002   46.000000000000000        4130.0000000000000        80524.000000000000      -0.78283838212101853      -0.82305896378719412     
   1.9952624       19.952621              13          18 -0.91902834008097167       2.21976734553595810E-002   26.000000000000000        6422.0000000000000        126954.00000000000      -0.91996515016069513      -0.94149061864927464     
   1.9952624       31.622776              13          19 -0.89293149598493105       2.02974989280539538E-002   54.000000000000000        10087.000000000000        198726.00000000000      -0.89453110177010720      -0.92164085222869696     
   1.9952624       50.118729              13          20 -0.86027556763050650       1.88616937556827756E-002   108.00000000000000        15459.000000000000        306702.00000000000      -0.86139542384181256      -0.87530567130308889     
   1.9952624       79.432816              13          21 -0.88024471731678744       1.42649605289769284E-002   138.00000000000000        23047.000000000000        456084.00000000000      -0.88150633846641580      -0.90026398645863481     
   1.9952624       125.89252              13          22 -0.88797342625459996       1.21196728270372405E-002   172.00000000000000        30707.000000000000        616150.00000000000      -0.88760677791183074      -0.88181449322405259     
   3.1622777      7.94328228E-02          14           6   0.0000000000000000        0.0000000000000000        0.0000000000000000        49.000000000000000        1274.0000000000000        0.0000000000000000        0.0000000000000000     
   3.1622777      0.12589255              14           7   0.0000000000000000        0.0000000000000000        0.0000000000000000        100.00000000000000        1968.0000000000000        0.0000000000000000        0.0000000000000000     
   3.1622777      0.19952624              14           8   12.750000000000000        1.8204449723792635        110.00000000000000        160.00000000000000        3142.0000000000000        12.500781249999999        12.966900063653725     
   3.1622777      0.31622776              14           9   0.0000000000000000        0.0000000000000000        0.0000000000000000        249.00000000000000        5016.0000000000000        0.0000000000000000        0.0000000000000000     
   3.1622777      0.50118721              14          10   4.3551912568306017       0.83045179014004600        98.000000000000000        366.00000000000000        7946.0000000000000        4.8131625309803221        4.0908633274603581     
   3.1622777      0.79432821              14          11   5.7189952904238615       0.65403647785716579        214.00000000000000        637.00000000000000        12828.000000000000        5.7654059329322838        5.6866230121608980     
   3.1622777       1.2589254              14          12   4.5804878048780493       0.45332407745507913        286.00000000000000        1025.0000000000000        19914.000000000000        4.4209675193337299        4.6858491513508085     
   3.1622777       1.9952624              14          13   4.5241682360326427       0.37386551097380843        440.00000000000000        1593.0000000000000        31982.000000000000        4.5453216737224098        4.5107247826902643     
   3.1622777       3.1622777              14          14   3.5193929173693084       0.29299991757674404        536.00000000000000        2372.0000000000000        50350.000000000000        3.7966153749904024        3.3737835153922537     
   3.1622777       5.0118723              14          15   2.2000000000000002       0.17763324013258328        640.00000000000000        4000.0000000000000        79440.000000000000        2.1776000000000000        2.2084592145015107     
   3.1622777       7.9432821              14          16   1.0044543429844097       0.11402518860028041        630.00000000000000        6286.0000000000000        126930.00000000000        1.0237463391267192        1.0044118805640903     
   3.1622777       12.589254              14          17  0.38387484957882068       7.38635196628515955E-002   690.00000000000000        9972.0000000000000        197722.00000000000       0.37195398620348774       0.37852135827070343     
   3.1622777       19.952621              14          18  7.21908349026993967E-002  5.10143514476743345E-002   854.00000000000000        15930.000000000000        313242.00000000000       5.41594523119628413E-002  5.63206721959375045E-002
   3.1622777       31.622776              14          19 -9.12437970225699058E-003  3.90781906419177191E-002   1238.0000000000000        24988.000000000000        490368.00000000000      -2.77459256960068679E-002 -2.84521012790395211E-002
   3.1622777       50.118729              14          20  5.93030900723208187E-002  3.32274930110966898E-002   2014.0000000000000        38025.000000000000        756992.00000000000       5.44167846943146571E-002  5.49437774771730503E-002
   3.1622777       79.432816              14          21  1.91325411174103621E-003  2.61926046130536820E-002   2854.0000000000000        56971.000000000000        1125238.0000000000      -1.05572429567786230E-002 -1.06661879531264603E-002
   3.1622777       125.89252              14          22  1.59856051320832471E-002  2.28130312313512412E-002   3896.0000000000000        76694.000000000000        1520132.0000000000       6.87943639700905329E-003  7.08622672241610019E-003
   5.0118723      7.94328228E-02          15           6   0.0000000000000000        0.0000000000000000        0.0000000000000000        159.00000000000000        3136.0000000000000        0.0000000000000000        0.0000000000000000     
   5.0118723      0.12589255              15           7   0.0000000000000000        0.0000000000000000        0.0000000000000000        240.00000000000000        5022.0000000000000        0.0000000000000000        0.0000000000000000     
   5.0118723      0.19952624              15           8   7.9756097560975618       0.89446109410410690        184.00000000000000        410.00000000000000        7838.0000000000000        7.5793694229625217        8.2977800459300841     
   5.0118723      0.31622776              15           9 -0.93855606758832566       5.75175613082554715E-002   2.0000000000000000        651.00000000000000        12188.000000000000      -0.94248243869174453       -1.0708893994092548     
   5.0118723      0.50118721              15          10   2.3563672260612041       0.34597246453696656        170.00000000000000        1013.0000000000000        19254.000000000000        2.1897085177977504        2.4272358990339669     
   5.0118723      0.79432821              15          11   3.7134578235672890       0.34690319015219329        366.00000000000000        1553.0000000000000        30924.000000000000        3.6928193733417531        3.7253912818522830     
   5.0118723       1.2589254              15          12   2.4267413931144914       0.23052439508860065        428.00000000000000        2498.0000000000000        49166.000000000000        2.3722811716146337        2.4497823699304395     
   5.0118723       1.9952624              15          13   2.5546151811690030       0.19924385702803130        672.00000000000000        3781.0000000000000        77696.000000000000        2.6522002263436506        2.5130766062602969     
   5.0118723       3.1622777              15          14   2.2534962224722714       0.14219434458946126        1012.0000000000000        6221.0000000000000        122320.00000000000        2.1985826871307523        2.2750163505559189     
   5.0118723       5.0118723              15          15   1.5146790848349871       9.86406690831189842E-002   1242.0000000000000        9878.0000000000000        193116.00000000000        1.4581128069801239        1.5265229188674163     
   5.0118723       7.9432821              15          16  0.89865298268120597       6.88633201162127118E-002   1480.0000000000000        15590.000000000000        307634.00000000000       0.87328483538855073       0.89728053466131819     
   5.0118723       12.589254              15          17  0.42957022414147650       4.86386476004666696E-002   1738.0000000000000        24315.000000000000        487742.00000000000       0.43380925408844750       0.43125668898721070     
   5.0118723       19.952621              15          18  4.72885481949552045E-002  3.26789684590876942E-002   2022.0000000000000        38614.000000000000        766218.00000000000       3.90678728192392910E-002  3.97510891156307444E-002
   5.0118723       31.622776              15          19  1.30654586041625276E-002  2.54690616018622418E-002   3086.0000000000000        60924.000000000000        1203308.0000000000       4.51193997486720733E-004  6.21619734930689560E-004
   5.0118723       50.118729              15          20 -4.47581888349046775E-003  2.02984908863289848E-002   4682.0000000000000        94061.000000000000        1855890.0000000000      -1.78802200208807438E-002 -1.81853450366129543E-002
   5.0118723       79.432816              15          21  1.61094007302928777E-002  1.67922932229423900E-002   7096.0000000000000        139670.00000000000        2749758.0000000000       2.34464642846932136E-004  4.93861641642556748E-004
   5.0118723       125.89252              15          22  2.05058899896779501E-002  1.45848511410858247E-002   9590.0000000000000        187946.00000000000        3720008.0000000000       9.94170527936799608E-003  1.02601929888321841E-002
   7.9432821      7.94328228E-02          16           6   0.0000000000000000        0.0000000000000000        0.0000000000000000        408.00000000000000        7692.0000000000000        0.0000000000000000        0.0000000000000000     
   7.9432821      0.12589255              16           7   0.0000000000000000        0.0000000000000000        0.0000000000000000        612.00000000000000        11818.000000000000        0.0000000000000000        0.0000000000000000     
   7.9432821      0.19952624              16           8   4.3560042507970245       0.46706013372946148        252.00000000000000        941.00000000000000        18422.000000000000        4.2427369983093932        4.4285093909456084     
   7.9432821      0.31622776              16           9   0.0000000000000000        0.0000000000000000        0.0000000000000000        1529.0000000000000        29026.000000000000        0.0000000000000000        0.0000000000000000     
   7.9432821      0.50118721              16          10   1.4754588134869824       0.20315403107000599        290.00000000000000        2343.0000000000000        46308.000000000000        1.4462984791923854        1.4811263712533473     
   7.9432821      0.79432821              16          11   2.2583653318705430       0.19193720865702316        594.00000000000000        3646.0000000000000        74026.000000000000        2.3077859579957325        2.2395644773457972     
   7.9432821       1.2589254              16          12   1.4046321525885559       0.12793116569882088        706.00000000000000        5872.0000000000000        117390.00000000000        1.4036083820876240        1.4048044978277536     
   7.9432821       1.9952624              16          13   1.3569094550437439       9.69000036098210532E-002   1118.0000000000000        9487.0000000000000        184436.00000000000        1.2910243082663011        1.3671734368561457     
   7.9432821       3.1622777              16          14   1.2444622364558313       7.61357952120970821E-002   1682.0000000000000        14988.000000000000        294882.00000000000        1.2079380611508155        1.2485061821338710     
   7.9432821       5.0118723              16          15  0.96362411586392716       5.63435843741615996E-002   2332.0000000000000        23752.000000000000        465442.00000000000       0.92394984787794288       0.96287399933826379     
   7.9432821       7.9432821              16          16  0.62518066484663537       4.11080149738342615E-002   3036.0000000000000        37362.000000000000        736412.00000000000       0.60163072608671997       0.61966942418102899     
   7.9432821       12.589254              16          17  0.32499154548528919       2.95269411165022082E-002   3918.0000000000000        59140.000000000000        1166632.0000000000       0.30687989236776625       0.31563680749370793     
   7.9432821       19.952621              16          18  0.10114113985647522       2.13583196920252016E-002   5148.0000000000000        93503.000000000000        1840280.0000000000       8.36058826214529649E-002  8.65955180733366525E-002
   7.9432821       31.622776              16          19  5.64287554753928333E-002  1.65630847735699534E-002   7790.0000000000000        147478.00000000000        2886104.0000000000       3.37010458822852854E-002  3.56827058207187520E-002
   7.9432821       50.118729              16          20  1.02081851084223629E-003  1.30667598797236939E-002   11326.000000000000        226289.00000000000        4445714.0000000000      -1.66883350173647749E-002 -1.69705023759965101E-002
   7.9432821       79.432816              16          21  3.10439454027011674E-002  1.09128541125081292E-002   17302.000000000000        335621.00000000000        6608052.0000000000       1.50127681977902938E-002  1.57401909064880385E-002
   7.9432821       125.89252              16          22  8.55351613989308035E-003  9.25035495184367042E-003   22916.000000000000        454433.00000000000        8923058.0000000000      -9.82306295755352998E-003 -9.84662432991001424E-003
   12.589254      7.94328228E-02          17           6   0.0000000000000000        0.0000000000000000        0.0000000000000000        850.00000000000000        17018.000000000000        0.0000000000000000        0.0000000000000000     
   12.589254      0.12589255              17           7   0.0000000000000000        0.0000000000000000        0.0000000000000000        1399.0000000000000        27106.000000000000        0.0000000000000000        0.0000000000000000     
   12.589254      0.19952624              17           8   2.6721898790864311       0.24685180525391559        410.00000000000000        2233.0000000000000        42984.000000000000        2.5343799767723052        2.7373906569886466     
   12.589254      0.31622776              17           9   0.0000000000000000        0.0000000000000000        0.0000000000000000        3424.0000000000000        67294.000000000000        0.0000000000000000        0.0000000000000000     
   12.589254      0.50118721              17          10  0.58753171438927154       0.10379940063096639        438.00000000000000        5518.0000000000000        106784.00000000000       0.53609085347357710       0.57371890919987978     
   12.589254      0.79432821              17          11  0.83541377716134990       8.96498955845236450E-002   794.00000000000000        8652.0000000000000        168406.00000000000       0.78626151500597730       0.83088488533662685     
   12.589254       1.2589254              17          12  0.67031045037166592       6.82226773616536469E-002   1146.0000000000000        13722.000000000000        268322.00000000000       0.63307477286338054       0.66279321114183709     
   12.589254       1.9952624              17          13  0.73367861523783562       5.42869713074555643E-002   1908.0000000000000        22011.000000000000        425766.00000000000       0.67675573416780765       0.72463747692394387     
   12.589254       3.1622777              17          14  0.56778926694009590       4.14768852568200425E-002   2714.0000000000000        34622.000000000000        674824.00000000000       0.52790396896999492       0.55650658542079112     
   12.589254       5.0118723              17          15  0.59273973102015520       3.31384802846350496E-002   4370.0000000000000        54874.000000000000        1067358.0000000000       0.54902457796243298       0.58124640467397048     
   12.589254       7.9432821              17          16  0.43613592411824276       2.50924489390759280E-002   6238.0000000000000        86872.000000000000        1695372.0000000000       0.40136328963543710       0.42214452049461704     
   12.589254       12.589254              17          17  0.22100193381252975       1.84486790857144901E-002   8366.0000000000000        137035.00000000000        2678270.0000000000       0.19318891132633409       0.20284362666945466     
   12.589254       19.952621              17          18  8.21593317541453594E-002  1.37886322710808629E-002   11718.000000000000        216567.00000000000        4224390.0000000000       5.54385154406937808E-002  5.89221165659421509E-002
   12.589254       31.622776              17          19  3.84329809426158242E-002  1.07869770331318008E-002   17622.000000000000        339396.00000000000        6618668.0000000000       1.25403866146773790E-002  1.38438731176728780E-002
   12.589254       50.118729              17          20  5.20253407563830983E-002  8.80816674170327787E-003   27400.000000000000        520900.00000000000        10209488.000000000       3.09694847521793104E-002  3.26645175546511624E-002
   12.589254       79.432816              17          21  6.38624429614886857E-003  7.06914788181911731E-003   38916.000000000000        773381.00000000000        15155664.000000000      -1.39108813912967033E-002 -1.40657644561135164E-002
   12.589254       125.89252              17          22  2.76973995724145716E-002  6.14965989739346946E-003   53718.000000000000        1045405.0000000000        20504318.000000000       7.85027279407746192E-003  8.55029657655492770E-003
   19.952621      7.94328228E-02          18           6   0.0000000000000000        0.0000000000000000        0.0000000000000000        1892.0000000000000        36728.000000000000        0.0000000000000000        0.0000000000000000     
   19.952621      0.12589255              18           7   0.0000000000000000        0.0000000000000000        0.0000000000000000        2916.0000000000000        57892.000000000000        0.0000000000000000        0.0000000000000000     
   19.952621      0.19952624              18           8   2.4654537578514191       0.17007144026917126        800.00000000000000        4617.0000000000000        90634.000000000000        2.4014288053834250        2.4930379327846066     
   19.952621      0.31622776              18           9   0.0000000000000000        0.0000000000000000        0.0000000000000000        7264.0000000000000        144628.00000000000        0.0000000000000000        0.0000000000000000     
   19.952621      0.50118721              18          10  0.17044369193366338       6.31203832059773068E-002   674.00000000000000        11517.000000000000        228036.00000000000       0.15873620618991424       0.16206213054079166     
   19.952621      0.79432821              18          11  0.48043170173334793       5.60274787653550488E-002   1358.0000000000000        18346.000000000000        361842.00000000000       0.45994322418673850       0.47314021036806109     
   19.952621       1.2589254              18          12  0.30278587405951329       4.06927771237669683E-002   1922.0000000000000        29506.000000000000        571408.00000000000       0.26147609083677614       0.27995407834682018     
   19.952621       1.9952624              18          13  0.28910602554212739       3.23668251181150335E-002   3008.0000000000000        46668.000000000000        908834.00000000000       0.25523204938882516       0.26992167986673055     
   19.952621       3.1622777              18          14  0.26202888293021531       2.56684360478209896E-002   4636.0000000000000        73469.000000000000        1438868.0000000000       0.23582257463966649       0.24637979300394486     
   19.952621       5.0118723              18          15  0.28916956652489589       2.06371940192462411E-002   7502.0000000000000        116385.00000000000        2282134.0000000000       0.26393336750084906       0.27497684185065374     
   19.952621       7.9432821              18          16  0.24513112068310772       1.61189856209280474E-002   11476.000000000000        184334.00000000000        3615250.0000000000       0.22100651102064872       0.23021644422930621     
   19.952621       12.589254              18          17  0.18057646511373271       1.24415646402139327E-002   17252.000000000000        292264.00000000000        5721250.0000000000       0.15552601432813207       0.16281232248197508     
   19.952621       19.952621              18          18  7.57302788228400026E-002  9.51581388543801428E-003   24690.000000000000        459037.00000000000        9023308.0000000000       5.72835774397666420E-002  5.96043047627321521E-002
   19.952621       31.622776              18          19  2.14015491201213770E-002  7.41511499673625819E-003   36732.000000000000        719247.00000000000        14152616.000000000       4.90540151729623730E-003  5.33724648503142163E-003
   19.952621       50.118729              18          20  5.27718598105089143E-002  6.05253417518469405E-003   58458.000000000000        1110554.0000000000        21831302.000000000       3.47709525437251976E-002  3.62938499957539129E-002
   19.952621       79.432816              18          21  2.26349552335192161E-002  4.88761340069153016E-003   84402.000000000000        1650677.0000000000        32413780.000000000       4.05665249013420492E-003  4.55053375447134201E-003
   19.952621       125.89252              18          22  2.08353064162187795E-002  4.21444547336061789E-003   113716.00000000000        2227901.0000000000        43863818.000000000       4.93096615637877989E-003  5.33875094958702334E-003
   31.622776      7.94328228E-02          19           6   0.0000000000000000        0.0000000000000000        0.0000000000000000        3344.0000000000000        65348.000000000000        0.0000000000000000        0.0000000000000000     
   31.622776      0.12589255              19           7   0.0000000000000000        0.0000000000000000        0.0000000000000000        5323.0000000000000        104146.00000000000        0.0000000000000000        0.0000000000000000     
   31.622776      0.19952624              19           8   1.5383778556750873       0.11116285786732666        1050.0000000000000        8273.0000000000000        166026.00000000000        1.5470610532232087        1.5365424692518039     
   31.622776      0.31622776              19           9   0.0000000000000000        0.0000000000000000        0.0000000000000000        13278.000000000000        261228.00000000000        0.0000000000000000        0.0000000000000000     
   31.622776      0.50118721              19          10  6.65132115283173508E-002  4.51246044866996515E-002   1112.0000000000000        20853.000000000000        416086.00000000000       6.40224814942009779E-002  6.43280475670895413E-002
   31.622776      0.79432821              19          11  0.25992812490562622       3.88110194181985543E-002   2086.0000000000000        33113.000000000000        658840.00000000000       0.25342168606411786       0.25608645498148297     
   31.622776       1.2589254              19          12  0.11296733682815829       2.92571830548936269E-002   2898.0000000000000        52077.000000000000        1042222.0000000000       0.11369610742143066       0.11354778540464516     
   31.622776       1.9952624              19          13  6.30205575080640124E-002  2.24925089493276317E-002   4416.0000000000000        83084.000000000000        1652126.0000000000       5.69086115218140343E-002  5.76021441463905326E-002
   31.622776       3.1622777              19          14  3.19822914281353565E-002  1.77692514606082527E-002   6760.0000000000000        131010.00000000000        2622948.0000000000       3.30646085553945035E-002  3.29964604711951992E-002
   31.622776       5.0118723              19          15  6.00418841142276172E-002  1.41872514278863528E-002   11060.000000000000        208671.00000000000        4153650.0000000000       5.50203363071681828E-002  5.55679944145510696E-002
   31.622776       7.9432821              19          16  8.75506778253836160E-002  1.14398080705365168E-002   17946.000000000000        330026.00000000000        6576824.0000000000       8.36463489449694730E-002  8.42631641047408841E-002
   31.622776       12.589254              19          17  4.54294042330856129E-002  8.91671845406920294E-003   27312.000000000000        522503.00000000000        10415758.000000000       4.19978144217350025E-002  4.22857366693811798E-002
   31.622776       19.952621              19          18  5.43097343525866805E-002  7.11170070290435569E-003   43548.000000000000        826095.00000000000        16445018.000000000       4.94036738512824147E-002  4.98885437522780251E-002
   31.622776       31.622776              19          19  3.59858178180283428E-002  5.63894516490725216E-003   67000.000000000000        1293454.0000000000        25771960.000000000       3.20964277575201962E-002  3.23529913906428490E-002
   31.622776       50.118729              19          20  4.09736440480457098E-003  4.47383809727657910E-003   100168.00000000000        1995185.0000000000        39789374.000000000       1.22057765863958778E-003  1.23585759353739277E-003
   31.622776       79.432816              19          21 -4.77105839188163294E-003  3.65546418804657200E-003   147426.00000000000        2962655.0000000000        59088458.000000000      -7.53642397451348423E-003 -7.57071711026879868E-003
   31.622776       125.89252              19          22  3.98632859136771600E-004  3.16394762674819746E-003   200264.00000000000        4003684.0000000000        80136880.000000000       1.18822056881473515E-003  1.18696909587678867E-003
   50.118729      7.94328228E-02          20           6   0.0000000000000000        0.0000000000000000        0.0000000000000000        4411.0000000000000        88990.000000000000        0.0000000000000000        0.0000000000000000     
   50.118729      0.12589255              20           7   0.0000000000000000        0.0000000000000000        0.0000000000000000        7131.0000000000000        140400.00000000000        0.0000000000000000        0.0000000000000000     
   50.118729      0.19952624              20           8   1.5004529806124296       9.61823667340197530E-002   1380.0000000000000        11038.000000000000        223060.00000000000        1.5265040852301532        1.4952927463462746     
   50.118729      0.31622776              20           9 -0.99771415509457684       2.31464819713389502E-003   2.0000000000000000        17499.000000000000        354390.00000000000      -0.99768535180286610      -0.97285476452495834     
   50.118729      0.50118721              20          10  5.77472841623785094E-002  3.88281227314033750E-002   1480.0000000000000        27984.000000000000        558882.00000000000       5.62391324814865978E-002  5.64018880550816171E-002
   50.118729      0.79432821              20          11  0.23040787750124214       3.34343351155323501E-002   2724.0000000000000        44278.000000000000        888076.00000000000       0.23390363862391372       0.23258820191064733     
   50.118729       1.2589254              20          12  1.49850149850150327E-002  2.41029956703002306E-002   3556.0000000000000        70070.000000000000        1403264.0000000000       1.63350450035193440E-002  1.62934415762110429E-002
   50.118729       1.9952624              20          13  1.07095648733466220E-002  1.91039225543889989E-002   5620.0000000000000        111209.00000000000        2228534.0000000000       1.26881050299250120E-002  1.26423918145290859E-002
   50.118729       3.1622777              20          14 -7.54041135738814372E-003  1.51664888288727019E-002   8700.0000000000000        175322.00000000000        3534136.0000000000       2.98639294282976309E-004  3.55390964015267485E-004
   50.118729       5.0118723              20          15 -3.39880916063417526E-003  1.20095252107142725E-002   13884.000000000000        278627.00000000000        5594998.0000000000       6.17612353409846548E-004  6.28775917346224844E-004
   50.118729       7.9432821              20          16 -6.92788394097498816E-003  9.50610882936783058E-003   21946.000000000000        441982.00000000000        8863786.0000000000      -4.21524866234812556E-003 -4.18489345297823334E-003
   50.118729       12.589254              20          17  2.36323055492324574E-002  7.68988345396888050E-003   35750.000000000000        698493.00000000000        14031072.000000000       2.81175745989781234E-002  2.78918104047927162E-002
   50.118729       19.952621              20          18  5.09745930906941869E-002  6.21352092255670306E-003   57852.000000000000        1100921.0000000000        22139912.000000000       5.67736016146378475E-002  5.61823371294334351E-002
   50.118729       31.622776              20          19  1.34992159033924253E-002  4.87855849050002500E-003   87410.000000000000        1724915.0000000000        34716134.000000000       1.98987946709576757E-002  1.96892315256076422E-002
   50.118729       50.118729              20          20 -1.45818588736641441E-002  3.86893428143497220E-003   131298.00000000000        2664818.0000000000        53614518.000000000      -8.69930582605504821E-003 -8.56115129114853879E-003
   50.118729       79.432816              20          21 -6.60540755276040059E-003  3.19831354764383343E-003   196298.00000000000        3952065.0000000000        79725318.000000000       1.99136125464249858E-003  2.03094831180217206E-003
   50.118729       125.89252              20          22 -3.30370661406113042E-002  2.71893799298798594E-003   258908.00000000000        5355076.0000000000        108353476.00000000      -2.17338180931244684E-002 -2.11009751085420305E-002
   79.432816      7.94328228E-02          21           6   0.0000000000000000        0.0000000000000000        0.0000000000000000        5577.0000000000000        111850.00000000000        0.0000000000000000        0.0000000000000000     
   79.432816      0.12589255              21           7   0.0000000000000000        0.0000000000000000        0.0000000000000000        8909.0000000000000        177444.00000000000        0.0000000000000000        0.0000000000000000     
   79.432816      0.19952624              21           8   1.4400115640358484       8.52816354911366536E-002   1688.0000000000000        13836.000000000000        280980.00000000000        1.4775746215047438        1.4333404512776708     
   79.432816      0.31622776              21           9 -0.99819771109308819       1.79469613351368462E-003   2.0000000000000000        22194.000000000000        442010.00000000000      -0.99820530386648632       -1.0066514332254928     
   79.432816      0.50118721              21          10 -2.80544016388777351E-002  3.31706236805989346E-002   1708.0000000000000        35146.000000000000        701046.00000000000      -3.06456297321583415E-002 -3.08025436276646580E-002
   79.432816      0.79432821              21          11  0.22872053266150805       2.97622152514188179E-002   3414.0000000000000        55570.000000000000        1112242.0000000000       0.22965141505173747       0.22930441396746382     
   79.432816       1.2589254              21          12  3.89079892432855345E-002  2.16746792000861374E-002   4578.0000000000000        88131.000000000000        1759370.0000000000       3.69924028065944377E-002  3.71326099683408906E-002
   79.432816       1.9952624              21          13  2.05330089890389811E-002  1.72130773924527129E-002   7090.0000000000000        138947.00000000000        2790736.0000000000       2.48649511590874894E-002  2.46730611566265967E-002
   79.432816       3.1622777              21          14  4.14322158093760606E-003  1.34891003884589251E-002   11100.000000000000        221084.00000000000        4425080.0000000000       4.91534596655007761E-003  4.90838583709241050E-003
   79.432816       5.0118723              21          15 -1.60613349540187356E-002  1.05962640260994952E-002   17242.000000000000        350469.00000000000        7008792.0000000000      -1.61438751979557926E-002 -1.61465770420923249E-002
   79.432816       7.9432821              21          16  3.14429670038252063E-003  8.52438141750671598E-003   27804.000000000000        554337.00000000000        11108156.000000000       5.08204740601247984E-003  5.06618740320163852E-003
   79.432816       12.589254              21          17  2.47076198459266205E-002  6.84561530693679043E-003   44926.000000000000        876855.00000000000        17559178.000000000       2.59976561022607910E-002  2.59339019172770691E-002
   79.432816       19.952621              21          18  2.02436059406698732E-002  5.44401638897058261E-003   70540.000000000000        1382807.0000000000        27714678.000000000       2.24030909665831057E-002  2.23130140642446850E-002
   79.432816       31.622776              21          19 -1.09904205243105402E-003  4.30630929732204494E-003   108248.00000000000        2167342.0000000000        43474558.000000000       1.84413979305397824E-003  1.84195087158789406E-003
   79.432816       50.118729              21          20 -7.19953842680465250E-003  3.45074826701966507E-003   166222.00000000000        3348548.0000000000        67106886.000000000      -5.18452482180642438E-003 -5.15944071670992876E-003
   79.432816       79.432816              21          21 -2.57293216132048475E-002  2.80534012503313394E-003   242440.00000000000        4976851.0000000000        99787850.000000000      -2.32741917101821905E-002 -2.31510148780640357E-002
   79.432816       125.89252              21          22 -3.21612120823577818E-003  2.44920163495162321E-003   335844.00000000000        6738552.0000000000        135698146.00000000       3.64087354917730366E-003  3.63797159026768568E-003
   125.89252      7.94328228E-02          22           6   0.0000000000000000        0.0000000000000000        0.0000000000000000        6793.0000000000000        132676.00000000000        0.0000000000000000        0.0000000000000000     
   125.89252      0.12589255              22           7   0.0000000000000000        0.0000000000000000        0.0000000000000000        10970.000000000000        212950.00000000000        0.0000000000000000        0.0000000000000000     
   125.89252      0.19952624              22           8   1.5316455696202533       7.67391022661215172E-002   2140.0000000000000        16906.000000000000        335256.00000000000        1.5102016062007797        1.5361872718161642     
   125.89252      0.31622776              22           9 -0.99705166949215007       2.04370193208882776E-003   4.0000000000000000        27134.000000000000        531986.00000000000      -0.99710976901019188       -1.0371964675762144     
   125.89252      0.50118721              22          10  7.53780607706366901E-003  3.03448901690661250E-002   2152.0000000000000        42718.000000000000        844056.00000000000      -4.61359327896682103E-003 -4.57789530552465962E-003
   125.89252      0.79432821              22          11  0.17901344229288796       2.61668807183994059E-002   3982.0000000000000        67548.000000000000        1337862.0000000000       0.16758252052825240       0.17097578076064668     
   125.89252       1.2589254              22          12  4.22472411102441381E-002  1.93592639522756522E-002   5610.0000000000000        107652.00000000000        2118052.0000000000       2.53101909523441027E-002  2.64261689514704301E-002
   125.89252       1.9952624              22          13 -8.85415743743311889E-003  1.51497676573095642E-002   8390.0000000000000        169299.00000000000        3352114.0000000000      -1.87674307303126175E-002 -1.90464882757566123E-002
   125.89252       3.1622777              22          14  4.43307250602487102E-003  1.20697120842898232E-002   13504.000000000000        268888.00000000000        5309988.0000000000      -8.22506734958017294E-003 -8.27346502477954715E-003
   125.89252       5.0118723              22          15  3.46236387457912187E-002  9.73709129456213837E-003   22032.000000000000        425894.00000000000        8413764.0000000000       2.19771968175581645E-002  2.26776030323643241E-002
   125.89252       7.9432821              22          16  3.58804408290702703E-002  7.69090510150978717E-003   35102.000000000000        677723.00000000000        13332174.000000000       1.88925475695727041E-002  1.98057721118853891E-002
   125.89252       12.589254              22          17  2.75670032626214034E-002  6.10186259590817393E-003   55022.000000000000        1070918.0000000000        21095590.000000000       1.20817933005572531E-002  1.26884339333481755E-002
   125.89252       19.952621              22          18  2.31164814572426547E-002  4.85412048570249902E-003   86374.000000000000        1688449.0000000000        33295070.000000000       8.75818186609711447E-003  9.21187431052139516E-003
   125.89252       31.622776              22          19  2.21422277076563923E-002  3.88457273046029878E-003   135074.00000000000        2642959.0000000000        52206338.000000000       9.51816929015691926E-003  9.91408361184031861E-003
   125.89252       50.118729              22          20  3.78904533342216965E-002  3.14925952689198724E-003   211846.00000000000        4082242.0000000000        80627058.000000000       2.49521436826207754E-002  2.57454265539491800E-002
   125.89252       79.432816              22          21  1.78916317505883882E-002  2.56212627444786034E-003   308628.00000000000        6064064.0000000000        119921050.00000000       6.47546979833890646E-003  6.75185882712003860E-003
   125.89252       125.89252              22          22 -2.36360150982461992E-003  2.18399626510560295E-003   410096.00000000000        8221352.0000000000        162997376.00000000      -1.10378733571501186E-002 -1.11554188455156300E-002
