#   degs,               arcmins         w_theta_p   w_theta_z_nocor    w_thete_z    delta_w(th)_p  delta_w(th)_z   one_plus_ws       Mpc_sep          bin_DD   bin_DD_wcor   bin_DR   n_DR_ratio
     0.0000794      0.0047660      0.0000000      0.0000000      0.0000000      0.0000000      0.0000000      1.0000000          1283.3806         0.0          0.00000         0.0   0.000000
     0.0001259      0.0075536     -1.0000000      0.0000000      0.0000000      0.0000000      0.0000000      0.0000000          2034.0203         0.0          0.00000         0.0   0.000000
     0.0001995      0.0119716     -1.0000000      0.0000000      0.0000000      0.0000000      0.0000000      0.0000000          3223.7051         0.0          0.00000         0.0   0.000000
     0.0003162      0.0189737     -1.0000000     -1.0000000     -1.0000000      0.0000000      0.0000000      0.0000000          5109.2285         0.0          0.00000         1.0   0.000000
     0.0005012      0.0300712     -1.0000000     -1.0000000     -1.0000000      0.0000000      0.0000000      0.0000000          8097.5825         0.0          0.00000        13.0   0.000000
     0.0007943      0.0476597      3.5161290      1.4997257      7.0290633      1.7069363      4.4800062      0.5624727         12833.8047         2.0          6.42396        16.0   8.000000
     0.0012589      0.0755355     10.5000000      3.6148781      8.3380927      1.6955825      2.6799925      1.2315149         20340.2031        12.0         24.28171        52.0   4.333333
     0.0019953      0.1197157      8.9248120      5.8460955      9.3181668      0.9974811      1.9281728      0.9618775         32237.0488        38.0         57.27211       111.0   2.921053
     0.0031623      0.1897367      4.2019704      1.9626378      3.7312529      0.4527734      0.8371675      1.0994911         51092.2891        40.0         63.87892       270.0   6.750000
     0.0050119      0.3007124      3.0032026      1.3842391      3.0643451      0.2531848      0.4921984      0.9849564         80975.8281        80.0        136.37374       671.0   8.387500
     0.0079433      0.4765970      1.6752967      0.5541707      1.2086823      0.1284183      0.2315933      1.2112637        128338.0469       128.0        181.90495      1647.0  12.867188
     0.0125893      0.7553552      1.0545151      0.9781294      1.2719409      0.0712703      0.1495298      0.9042995        203402.0625       402.0        461.70906      4064.0  10.109453
     0.0199526      1.1971573      0.5253526      0.4749339      0.5359323      0.0388192      0.0767082      0.9931119        322370.5000       770.0        801.84464     10440.0  13.558442
     0.0316228      1.8973665      0.3450621      0.3209673      0.3217056      0.0230473      0.0452152      1.0176715        510922.8438      1708.0       1708.95467     25857.0  15.138759
     0.0501187      3.0071237      0.2591359      0.2881153      0.2776602      0.0141289      0.0280481      0.9855014        809758.3125      4184.0       4150.04013     64956.0  15.524857
     0.0794328      4.7659693      0.1731668      0.1762320      0.1601607      0.0086605      0.0169692      1.0112106       1283380.2500      9478.0       9348.49887    161141.0  17.001583
     0.1258925      7.5535531      0.1325793      0.1648457      0.1480319      0.0054017      0.0107333      0.9865400       2034020.7500     23216.0      22880.89142    398567.0  17.167772
     0.1995262     11.9715738      0.0956108      0.1000571      0.0924778      0.0034005      0.0066756      1.0028678       3223705.5000     53936.0      53564.38302    980496.0  18.178879
     0.3162278     18.9736652      0.0694084      0.0752298      0.0696552      0.0021643      0.0042530      0.9997693       5109228.5000    127168.0     126508.68291   2365151.0  18.598633
     0.5011872     30.0712318      0.0467566      0.0568378      0.0496632      0.0014001      0.0027751      0.9972309       8097581.5000    288094.0     286138.19915   5451402.0  18.922303
     0.7943282     47.6596909      0.0410705      0.0435255      0.0417265      0.0009377      0.0018900      0.9993702      12833802.0000    608612.0     607562.77641  11663255.0  19.163695
     1.2589254     75.5355225      0.0233315      0.0091664      0.0216446      0.0006604      0.0013903      1.0016512      20340206.0000   1066800.0    1079990.79164  21139882.0  19.816162
     1.9952624    119.7157440      0.0093853     -0.0098797      0.0084423      0.0005310      0.0011943      1.0009352      32237056.0000   1399996.0    1425902.68350  28276209.0  20.197350
     3.1622777    189.7366638      0.0077249     -0.0038390      0.0067537      0.0004565      0.0010639      1.0009647      51092288.0000   1772028.0    1790870.95134  35573238.0  20.074874
     5.0118723    300.7123413      0.0150570      0.0143359      0.0204565      0.0003820      0.0009701      0.9947088      80975816.0000   2199648.0    2212920.76938  43366435.0  19.715170
     7.9432821    476.5969238      0.0065676     -0.0032883      0.0012942      0.0003173      0.0008930      1.0052665     128338024.0000   2502824.0    2514331.18773  50216114.0  20.063782
    12.5892544    755.3552856      0.0036571      0.0123389      0.0131944      0.0002673      0.0007439      0.9905869     203402064.0000   3706716.0    3709848.27026  73222694.0  19.754061
    19.9526215   1197.1572266     -0.0017180     -0.0174922     -0.0026106      0.0002294      0.0005683      1.0008950     322370528.0000   6068212.0    6160124.21376 123511406.0  20.353838
    31.6227760   1897.3665771     -0.0238179     -0.0652515     -0.0478751      0.0002142      0.0005791      1.0252669     510922880.0000   5306856.0    5405506.91050 113533717.0  21.393781
    50.1187286   3007.1237793     -0.0271688      0.0123674     -0.0070341      0.0002520      0.0004774      0.9797226     809758272.0000   8821898.0    8652830.78053 174263406.0  19.753505
    79.4328156   4765.9687500      0.0284235      0.0566628      0.0200156      0.0001877      0.0005718      1.0082430    1283380096.0000   6592380.0    6363742.74761 124763671.0  18.925437
   125.8925171   7553.5507812     -0.0131350     -0.0016558     -0.0092420      0.0001158      0.0003515      0.9960707    2034020224.0000  16010740.0   15889077.43845 320710698.0  20.030973
   199.5262146  11971.5732422      0.0047336     -0.0027836     -0.0008300      0.0001183      0.0003646      1.0055682    3223705088.0000  14994104.0   15023478.09347 300686155.0  20.053626
   316.2277527  18973.6660156      0.0048179     -0.0120868     -0.0043953      0.0001309      0.0007635      1.0092539    5109228544.0000   3374922.0    3401197.66783  68316761.0  20.242471
   501.1872864  30071.2363281      0.0000000      0.0000000      0.0000000      0.0000000      0.0000000      1.0000000    8097582592.0000         0.0          0.00000         0.0  20.242471
   794.3284302  47659.7070312      0.0000000      0.0000000      0.0000000      0.0000000      0.0000000      1.0000000   12833805312.0000         0.0          0.00000         0.0  20.242471
  1258.9251709  75535.5078125      0.0000000      0.0000000      0.0000000      0.0000000      0.0000000      1.0000000   20340201472.0000         0.0          0.00000         0.0  20.242471
  1995.2620850 119715.7265625      0.0000000      0.0000000      0.0000000      0.0000000      0.0000000      1.0000000   32237049856.0000         0.0          0.00000         0.0  20.242471
  3162.2775879 189736.6562500      0.0000000      0.0000000      0.0000000      0.0000000      0.0000000      1.0000000   51092287488.0000         0.0          0.00000         0.0  20.242471
  5011.8730469 300712.3750000      0.0000000      0.0000000      0.0000000      0.0000000      0.0000000      1.0000000   80975831040.0000         0.0          0.00000         0.0  20.242471
